93931233
202465273
201569238
26219795
201694075
248650808
201694282
162865644
108179037
3953455
4252075
12525179
91865173
13452654
88796546
85208543
361279
91909097
133139418
25732951
48837733
74907707
50330205
159971506
13453141
136363440
78913419
7766082
74983325
13863616
36624070
91944159
23046907
212937554
3014007
201571484
6770893
147493597
66578633
11008870
19904122
191758837
11387160
72659473
72007665
555019
72295922
150936706
12276970
186210038
155631011
3237483
150936608
26216785
112316466
74908430
232686
59265067
176903003
67245899
136363448
37646290
133138478
73746776
72180189
185946121
32973402
196023114
62455045
67615685
193738773
150937912
271327734
54857217
9383944
80858609
583559
11892342
191504420
46208759
7182627
190860313
144741649
136350586
213702311
11452489
112065497
190757858
114237400
274049114
1700005
35578591
77121735
20705059
133816299
190740915
243093587
205704686
215419727
120061084
67991573
215223966
56304955
179061279
74392800
68152298
642002
89227455
78487782
195531387
167466222
28136778
4539471
23064044
164222232
68360730
83749220
71562184
72679390
71568977
192911167
71881455
136350608
136835705
183482901
193738665
133138633
16385902
51372134
2883901
10590207
214614496
11241055
67808832
70154968
170163129
206164593
205985873
198572407
229735500
214597737
13422792
56334100
214661098
262687983
96359096
213851317
213851508
41948581
188687947
262695201
195522194
165758206
270483478
112332689
205707550
3040231
213851204
104191333
214082593
147475134
252766561
51639748
10763906
69884736
37033547
143300650
25687615
67811917
84107969
262695445
152856683
215223932
120465236
195874038
160893934
229964889
11242570
91865059
157241218
221229797
199146107
213851496
160604443
150937453
13579217
21375422
185092183
52183501
162261859
104069721
230062168
255299485
181982721
253060131
75984286
113955914
136350559
113935207
225912516
137864354
207355258
67743695
189271449
207935738
12501254
164454645
262695372
147248568
185589454
175956967
169558817
253268712
192970965
95488261
147411501
221790103
196827033
135076265
133138093
208076642
155110508
167409160
67678421
206186161
157241007
134856379
121483106
127715120
263514742
46184696
160881809
197568305
206330652
43224476
15427141
51049577
67624596
213851274
136363409
102918052
13424917
155108332
248498616
161242807
207253407
45833650
136363474
205122524
207320569
192921449
173971860
248652295
67811791
7383411
263991231
226162622
48552282
155100050
40861251
273273343
273273195
215889497
202363349
67245379
57297443
41708148
165680933
114036348
230017797
173971938
229786123
117585927
150938188
193583499
204625610
69665351
80049246
149973441
110153402
50249268
274386360
197676275
247816649
242649350
51370597
51527790
215889036
125935701
187622638
191508108
198412695
263699044
272052720
16262510
148985743
215871780
154727743
263392780
247816715
127706157
15415674
121242478
137998692
206323515
212598274
28293121
139486643
159382970
19743545
176761825
178957617
166061771
206330581
114260309
213851230
213851124
185850312
53533536
97004996
11880611
191429885
273539807
193769244
182301061
243054679
253514794
214662303
195874236
26218769
273393492
188428559
273539313
193641447
248521416
176761852
183718840
87011754
272001929
146181953
160581064
150936863
121483115
104070166
98907714
1044892
150937634
120463012
127715817
10696665
142789670
104309792
214759273
243093929
136363461
198639310
6802017
72289246
192365033
73147700
201648405
193555668
273429344
147248418
111153479
173971676
213851671
7819193
274565900
29748911
168271058
1044906
165938754
164483920
247816519
206051912
257538241
163888930
202428781
104289359
207427681
247653061
198592715
263561841
274734991
183374147
271980377
112109749
207698417
243089687
273534084
273413927
208213296
215998718
171948961
274085871
274135133
104314005
247488695
166102252
229695343
116587919
120464001
163878050
254021167
273603070
272187920
270708304
71562164
263698684
85216324
273496058
274734095
12235275
198589686
273185283
208100258
205471738
255076141
274380430
185744099
194183278
274336201
181907443
255294586
133139164
558439
161944607
71567952
273151579
127323600
70339631
270732694
194116090
274363061
199641098
198328389
248697894
247062853
127010997
257789827
135410918
152185081
206844981
91512324
161892623
210273878
12210197
263502575
274667712
207779697
120465365
272905517
272913830
91850702
274734062
257749650
272908847
50130893
168586420
188784344
194373076
191894677
230025917
255179248
173409585
216573373
104069903
187979482
202405868
245770281
127010664
247302310
225936350
254021130
174944450
247344494
244131656
136363464
96078490
208129833
272908893
274841924
117593963
257620787
195881584
163882994
205312810
160889558
273720433
107100835
257406337
270258958
261956798
25978226
193578856
193556772
270718742
181908747
274042664
248069759
270507812
273272719
274057285
113932728
50248719
23495745
272397114
215889747
205423612
196827159
253362745
249213704
198535181
253358219
127714427
263593256
160534668
163137307
173854604
272908140
272907893
272896780
125840052
136363470
47255381
217341682
272912724
12126000
85214920
210418391
253509800
213851423
41593560
273056747
126028575
193760800
213851367
263067368
151614430
273185301
253366601
271660956
127003161
127010625
203762664
177736897
274053241
127012895
136103208
216559067
257558174
272429092
272915264
247661816
273271766
257454554
257537672
207421485
254021222
254021108
254077837
254021265
75817540
127715601
150937987
71881476
150938547
150938227
10696655
242504604
272199959
207354903
210429397
264310903
252876874
271961115
253356876
169918550
274068163
253420557
12220041
93003134
133138726
127706139
274254943
157241299
150938514
150938338
244318482
180326573
247863511
197140098
254021243
247792880
96400326
274956177
188718412
112316578
254021194
254078673
107550263
193588026
127716086
127706099
213919614
136363487
263697603
270506139
104070157
254771432
161246609
147248393
202212601
274170956
272218936
273726415
127007691
274965960
274966004
186348784
202507508
273455812
133139378
71562198
106241986
274667762
147248617
242696391
230304305
270745654
270908541
257682861
272964258
248652842
272913198
59519152
127007625
127010303
62231841
205566653
136363480
215889966
263991286
204237022
274564822
214254898
274956404
213851140
107668374
107626968
160555933
272915473
272911873
201844007
271993081
127714255
248065984
40765132
7383407
272897268
272896413
272897231
105084926
103821971
197675528
272322983
210280669
262688318
75983987
255760001
186628463
247816764
274179447
270716067
272905564
197552952
204625943
121483171
177621215
254078856
272918791
16262530
91827418
273273070
190315835
52782312
71568959
274083649
183719468
255175874
213851583
270462607
273720381
262792808
102917988
274085990
254148286
213851708
255174143
272239497
185997227
262694250
205128593
248744209
216559230
16262503
274068236
254021176
126689802
185073288
254021105
15750305
176549995
204766139
150937566
150938449
68682675
246282342
199727304
108243593
214614821
221769866
104069528
263592818
274449614
162477584
28142288
254089245
215984914
17579366
254021184
122070588
274734375
107574294
254021128
210156104
273273021
257656129
192246974
253339800
147411595
274681922
127714925
270749905
263765042
208371345
191513056
270113785
185850363
210399213
249222806
54616676
191657124
188784880
253620576
11197269
109179444
194120344
272896901
273951693
210164062
272908535
272908722
272910955
137719306
193580229
197567878
253070533
192911627
160534801
255074939
183484134
26221058
210274045
263593042
104159688
204249200
177743472
254021199
243094083
254021160
272908028
272891882
183684999
263696646
93362824
243088052
215997027
172496801
197633641
151614542
171110547
206999339
262830485
193536236
270461778
255295626
185745805
158740499
273597237
274358127
257856128
145239893
249772532
270495658
252876926
249934353
190635654
127002870
181779590
161260957
225235563
273271939
160545125
102856689
274956240
94888804
270256958
254021215
263196774
257553002
254074138
150938068
127715371
150937891
262455639
213851352
127714570
270748312
202511870
588811
192911304
140094826
210398995
242665673
57856016
188784745
192246908
193459881
274750170
119320993
274966023
274841953
204237150
270147514
271949639
128121409
247898309
263592711
163877970
214789488
196189374
243057798
165669837
173357141
257532360
167461828
189207566
195874086
10853937
270127984
171945043
272909226
253360650
272911588
210155873
270186112
171320094
254021171
205602805
210280415
71881462
99115595
136363413
136363495
270463480
11221208
210163894
272897941
42333101
253101423
85212274
57721488
107561528
272899366
156724419
263680182
271421018
273597076
273597282
273640522
186640714
272892448
274363063
254023915
272915349
72688598
53405506
126096752
165177366
136363468
42683978
160576957
208129923
270256694
273724166
113961730
185966751
257291226
263564901
173969330
113481388
54848091
206846016
257683576
206502459
165759062
242727440
242963566
174227978
194847185
179545711
198311743
173846487
257320769
242727432
184784007
194846142
269902699
262792652
213851522
213851641
196853257
254902134
213851459
136363459
136363410
208122736
262907664
271932860
272370371
217355649
185967092
189267890
175437020
196189373
121483135
121483112
58271193
213851169
186156722
103083227
185743832
254078280
255255760
173859069
185944212
165941852
174230226
197551675
254021085
189267977
183720721
208175014
213851163
251443402
273117919
150853552
25284362
213851162
213851284
171627591
102918038
183719139
221256700
271516743
213851703
215988313
91369902
214785712
213886411
248087947
273157449
215998760
248615970
272967222
274258338
212960338
263506538
270908540
212972689
271981060
272831898
248616928
263570986
215986439
31022378
253396572
253628647